      0/14     1.58G   0.05678   0.01184   0.01566   0.08429        18       640    0.9132    0.4158    0.4288    0.2309   0.05651  0.009236   0.01034
      1/14     6.79G   0.05052   0.01067   0.01148   0.07267        20       640    0.7776    0.5109    0.5034    0.2792   0.06845  0.007638   0.00952
      2/14     8.43G   0.04716  0.009954  0.009008   0.06613        19       640     0.614     0.554    0.5185    0.2662   0.06957  0.008881  0.007591
      3/14     8.43G   0.04631   0.01004  0.008555   0.06491        31       640    0.7349    0.7107    0.6741     0.354   0.05943  0.007809  0.006774
      4/14     8.43G   0.04439  0.009701   0.00734   0.06143        10       640    0.7555    0.7369    0.6882    0.3868   0.05821  0.007244  0.004996
      5/14     8.43G   0.04245  0.009471  0.006571    0.0585        23       640    0.7759     0.768     0.734    0.4152   0.05651  0.007047  0.004396
      6/14     8.43G   0.04002   0.00922  0.006155   0.05539        16       640    0.7719    0.7763    0.7416    0.4339   0.06112   0.00675  0.004466
      7/14     8.43G   0.03877  0.009051  0.005533   0.05336        10       640    0.7978    0.7928    0.7514    0.4532    0.0604  0.006684  0.004098
      8/14     8.43G   0.03735  0.008895   0.00515    0.0514        10       640    0.8022    0.8103    0.7603    0.4691   0.06085  0.006487  0.003797
      9/14     8.43G   0.03603  0.008718  0.004672   0.04942        17       640    0.7891    0.8006    0.7546    0.4719   0.05806  0.006525  0.003798
     10/14     8.43G    0.0347  0.008697  0.004369   0.04776        10       640    0.8061     0.813    0.7728     0.488    0.0575  0.006464    0.0038
     11/14     8.43G   0.03411  0.008523  0.003826   0.04646        13       640    0.8086    0.8276    0.7827    0.5018   0.05579  0.006505  0.003553
     12/14     8.43G   0.03299  0.008504  0.003864   0.04536         9       640    0.8136    0.8286     0.787    0.5085   0.05631  0.006371  0.003598
     13/14     8.43G   0.03313   0.00826  0.003662   0.04505         7       640    0.8169    0.8322    0.7886    0.5104   0.05678  0.006441  0.003574
     14/14     8.43G    0.0328  0.008247  0.003462   0.04451        11       640    0.8157    0.8317    0.7895    0.5149   0.05749  0.006251  0.003608
